>> M = [3,6,4;1,5,0;0,7,7]
M =

   3   6   4
   1   5   0
   0   7   7

>> X =[1;2;3]
X =

   1
   2
   3

>> ans = M\x
ans =

  -0.582418
   0.516484
  -0.087912

>> A = [2,5,-1,4;1,1,1,1;4,-3,6,1;2,-5,-3,-1]
A =

   2   5  -1   4
   1   1   1   1
   4  -3   6   1
   2  -5  -3  -1

>> B = [0;0;0;7]
B =

   0
   0
   0
   7

>> ans = inv(A)*B
ans =

   3.00000
   1.00000
  -1.00000
  -3.00000

>> diary
